0.260558
0.242957
0.236882
0.233755
0.235791
0.226244
0.245033
0.228232
0.239926
0.266524
0.231035
0.228015
0.233934
0.230553
0.227885
0.223666
0.231574
0.226764
0.238657
0.223243
0.232656
0.232221
0.226984
0.223933
0.226967
0.221852
0.221199
0.311406
0.245960
0.239994
0.240355
0.287293
0.300677
0.306666
0.291931
0.282770
0.289720
0.245880
0.267685
0.245404
0.246603
0.236455
0.237020
0.253138
0.237705
0.231579
0.228943
0.233598
0.231337
0.229785
0.233665
0.289670
0.274484
0.276564
0.288772
0.297155
0.277849
0.233540
0.253252
0.243022
0.237901
0.243457
0.243619
0.236746
0.241625
0.228498
0.226931
0.229502
0.232998
0.256929
0.239577
0.238054
0.246002
0.228810
0.251098
0.259100
0.232881
0.233881
0.227815
0.244236
0.247255
0.245348
0.249055
0.248511
0.247327
0.243233
0.245213
0.255319
0.247244
0.246592
0.232304
0.248544
0.247296
0.247896
0.252226
0.237202
0.246885
0.251700
0.252239
0.270462
